376
628
636
990
1578
1872
1960
2212
2220
2806
2814
3101
3124
3132
3748
4378
4445
4660
4668
5035
5308
5338
5932
6555
6596
6835
7477
7483
7702
7743
8385
8698
9013
9019
9271
9279
9661
9900
10194
10542
11136
11173
11424
11439
11446
11476
11730
12336
12693
12712
12748
12982
13012
13299
13594
13654
13872
13894
14248
14284
14536
15157
15417
15423
15799
16051
16372
16693
16951
16953
16959
17335
17601
18167
18474
18864
19768
19776
19798
19806
20010
20058
20381
20392
20400
20652
20680
20688
21005
21274
21304
21312
21334
21342
21622
21964
22216
22224
22235
22564
22858
23097
23105
23479
23731
23739
24030
24052
24060
24386
24639
25010
25267
25281
25915
26130
26148
26796
27121
27412
27708
27738
28054
28084
28332
28368
28373
28996
29274
29590
29620
30550
30579
30886
31180
31411
31419
31740
32053
32061
32313
32662
32690
32695
33304
33597
34470
35140
35148
35734
35742
35764
35994
36060
36330
36676
36684
37296
37581
37596
37883
37902
38266
38478
39112
39120
39208
39759
39796
40062
40099
40130
40656
40704
40991
41007
41052
41338
41598
41635
41952
41974
42283
42503
42834
43122
43153
43493
43728
43758
43769
43777
44076
44403
44452
44658
45029
45315
45604
45612
45939
45988
45994
46227
46246
46254
46563
46851
46882
47736
48050
48081
48090
48384
48421
48654
48681
48967
49063
49278
49300
49366
49636
49920
49957
50200
50223
50260
50797
51431
51750
52044
52091
52132
52398
53003
53645
53934
54251
54274
54557
54568
54576
56058
56064
56361
56369
56743
56958
56988
57297
57600
57622
57696
58279
58516
58560
58582
58590
59119
59141
59761
60031
60072
60389
60720
62256
62549
62879
62890
63113
63209
63843
64380
64660
64683
64706
65274
65302
65577
65944
66196
66219
66242
66558
66838
66866
66904
67146
67165
67492
67780
67788
68374
68382
68404
68412
68685
69052
69067
69275
69316
69342
70619
70906
71500
71760
71848
72142
72381
72702
73023
73665
73684
73692
74266
74559
75413
75432
75468
75762
76080
76374
76741
76757
77044
77616
77638
77904
78280
78580
78867
78883
79440
79481
79846
80695
80697
80703
81345
81918
81940
83437
83466
83754
83802
84042
84090
84424
84432
84684
85366
85578
85960
85968
86308
86865
86902
87168
87844
88110
88492
89025
89598
89620
89628
89906
89919
90580
90588
91716
92076
92112
92130
92364
92958
93018
93306
93666
93900
94248
94630
94842
95189
95784
96118
96166
96406
96432
96742
96771
97300
97914
98268
98836
100362
100392
100986
101325
101341
101628
101928
101936
102222
102570
102864
103164
103451
103467
103806
104400
104430
104740
105003
105342
105379
105622
105630
105966
106272
106287
106309
106324
106575
106590
106612
106906
107158
107166
107188
108402
108677
108773
109326
109337
109348
109356
109397
109636
109644
109663
109971
109998
110020
111172
111180
111191
111507
111814
112745
113304
113310
113944
113952
114004
114012
114264
114631
114838
114846
114906
114934
115480
115488
115525
115540
115548
115783
115791
115828
116365
116719
116999
117095
117288
117296
117678
117911
117985
118255
118897
119502
119521
119819
120136
120144
120166
120402
120433
120719
121067
121090
121929
121952
122304
122526
122586
122884
123168
123183
123220
123465
124113
124150
124393
124687
124770
125027
125599
125640
125651
125927
125935
125957
126288
126563
126857
127205
127499
127824
128076
128117
128458
129411
129586
129624
129632
129940
129948
129986
130243
130251
130266
130842
130893
130908
131160
131196
131527
131779
131787
132118
132126
132472
133019
133060
133326
133374
134268
134862
134910
135592
136474
136497
136534
137087
137128
137375
137380
137416
137711
138270
139230
139252
139573
139586
139833
140467
140481
141000
141330
141648
142590
142627
143184
143225
143280
143524
143532
143849
143878
144126
144436
144444
144474
144808
145060
145068
145738
146611
146904
147266
147478
147486
147513
147895
148147
148789
148797
149028
150618
150912
151212
151537
151854
151876
151902
152154
152448
152470
152736
152766
152796
153042
153412
153678
154024
154060
155166
155827
156148
156469
156477
156729
156735
157111
157350
157644
157667
157992
158586
158874
158904
158934
159528
159816
160150
160176
160410
160440
161088
161110
161118
161712
162000
162873
162881
163255
163515
163836
164157
164162
164409
164417
164791
165043
165051
165584
165672
165680
165924
165960
166314
166526
166909
167196
167211
167460
167496
168108
168462
168732
168798
169050
169366
169644
170308
170571
170902
170910
170932
171213
171534
171796
171844
171870
171892
172158
172195
172516
173097
173428
173434
173970
174916
174924
174935
175176
175223
175558
175847
176489
176718
176759
177094
177131
177401
177448
178061
178313
178667
179535
179572
179787
180126
180429
180525
181071
181108
181374
181411
181442
182279
182641
182856
182864
182886
183246
183269
183553
183815
183823
184177
184434
184465
184805
185040
185089
185388
185723
185734
185764
185970
186341
186658
187209
187215
187512
187857
188154
188430
188788
189048
189122
189362
189402
189733
189741
189961
190307
190595
191178
191219
191495
191526
191820
191861
191908
192131
193062
193403
193444
193704
193710
194021
194663
194957
195192
195531
195834
196476
196728
196764
196824
197100
197370
197681
197718
198055
198312
198606
198913
198942
199009
199217
199224
199254
199872
199902
201119
201124
201160
201364
201408
201438
202080
202320
202325
202696
203577
203829
203835
204211
204225
204482
204790
204798
205106
205363
205371
205747
205753
205761
206934
207257
207268
207276
207576
207863
208150
208158
208180
208188
208218
208458
208804
208812
209092
209100
209111
209686
209694
209724
210628
211325
211509
211515
211517
211891
212157
212472
212478
212766
213051
213441
213468
213693
214335
214574
214596
214622
214956
215208
215216
215244
215838
215868
215898
216128
216480
216510
216744
216780
216799
217074
217422
218016
218046
218053
218069
218319
218356
218610
219216
219312
219592
219831
220473
220479
221107
221142
221694
221716
222015
222870
222896
222918
222937
223206
223560
223800
223808
223830
223838
224154
224184
224457
225047
225114
225354
225744
226678
226686
226890
226938
227272
227280
227532
227620
227628
228153
228161
228795
229042
229047
229368
229404
230331
230337
230894
231204
231240
231492
231518
231852
232086
232160
232447
232794
233028
233388
233442
233676
234001
234618
234978
235212
235560
236154
236841
237144
237438
237460
237475
237726
237763
237786
238062
238658
238680
239002
239025
239032
239209
239879
240168
240176
240503
240810
241415
242316
242327
242346
242663
242969
242988
243035
243851
243947
244227
244476
244764
244786
245118
245155
245186
245370
246012
246048
246108
246315
246322
246691
246722
246942
246972
247002
247008
247554
248178
248209
248443
248454
248484
248784
248815
249132
249173
249714
249989
250085
250638
250649
250660
250668
250709
250956
250975
251283
251310
251332
251538
251621
251909
252453
252461
252468
252866
253080
253140
253146
253416
253722
253737
254040
254356
254371
254616
254682
254970
255264
255301
255316
255324
256495
256765
256776
256806
257064
257072
257113
257448
257454
257677
258031
258311
258407
258608
258630
258649
258971
258990
259278
259567
260775
260783
261402
261425
261462
261728
262044
262059
262347
262362
262668
262938
263218
263241
263249
263264
263616
263618
263839
263880
264175
264800
265152
265470
265733
266064
266316
266357
266412
266706
267006
267685
267852
267948
268534
268563
268582
269115
269784
270358
270366
271320
272154
272202
272454
272836
272844
273431
274045
274372
275628
276174
276222
276270
276522
276904
276912
277437
278010
278046
279006
279582
279609
280142
280524
280776
281106
281718
282063
282312
282408
282642
282660
282960
283056
283254
283615
283902
284178
284243
284496
284592
284844
285720
286680
287042
287254
287262
287923
288464
288804
288812
289098
289398
289406
289753
290040
290317
290340
290348
290634
290682
290970
291276
291306
291863
291930
292246
292269
293166
293188
294368
294942
295605
296253
296772
297134
297420
297728
298015
298031
298362
298956
299304
299898
300186
300216
300246
300515
300546
300840
301128
301488
301510
301722
301745
301752
301782
302364
302402
302424
302631
302664
302998
303006
303258
303622
303630
303900
303938
303960
303966
304203
304562
304585
304593
305131
305708
305736
305755
306071
306090
306378
306397
307309
307873
307914
307933
308231
308548
308556
309515
310044
310066
310104
310341
310347
310686
310723
310938
310961
310998
311310
311580
311646
311676
311883
312222
312259
312282
312811
313122
313746
314003
314052
314383
314700
314719
315282
315631
315653
316228
316236
316247
316255
316266
316543
316870
316878
317801
318021
318044
318360
318663
318984
319305
319320
319608
319902
319955
320847
320884
321127
321421
321769
322055
322333
322352
322374
322393
322632
322640
322670
322681
323022
323591
323599
324168
324176
324558
324865
325127
325135
325489
325777
326117
326123
326336
326338
326343
326366
326646
326962
326985
326993
327260
327296
327582
327930
328824
328832
328869
330060
330101
330156
330405
330707
331002
331302
331596
331684
331692
331944
332274
332856
333208
333238
333508
333833
334102
334128
334150
334169
335031
335322
335898
336567
336573
337207
337215
337789
338088
338096
338413
338682
339000
339030
339372
339624
339632
340266
340529
340536
340566
341148
341178
341790
341857
342472
343353
343578
343605
343618
344242
344574
344889
345147
345523
345537
345680
345776
346056
346404
346998
347286
347316
347987
348588
348858
348888
349470
349500
349507
349530
349782
350105
350116
350124
350404
350412
350729
351285
351293
351667
351675
351922
351927
352248
352569
352602
352821
352829
353203
353211
353463
354084
354092
354372
354714
354966
354989
354996
355310
355608
355674
355886
355908
356528
357180
357210
357470
357792
357822
358064
358092
358417
358440
358686
358734
358973
359349
359607
359615
359900
359936
360257
360891
360918
361143
361151
361791
362024
362672
363348
363584
363614
363930
363960
364208
364230
364547
364872
365120
365150
365466
365496
365814
366408
367056
367282
367305
367313
367992
367998
368199
368295
368589
368892
369189
369534
370411
370699
371053
371268
371276
371617
371658
371682
371916
371965
372241
372877
373223
373493
373501
373777
373800
373808
374190
374383
374759
375627
376544
376566
377214
377236
377814
378153
378373
379598
379907
379952
380287
380328
380521
381488
381815
381864
382103
382122
382163
382727
383075
383369
383604
383612
383966
384246
384557
384888
385176
385191
385512
385788
385833
386098
386136
386467
386475
386498
387307
387912
387920
388219
388230
388260
388268
388843
389521
389755
389766
389796
390127
390149
390444
391026
391057
391314
391685
391926
391934
392214
392237
392576
392613
392783
392820
392879
392916
393200
393498
393558
393773
393780
394392
394452
395027
395046
395094
395312
395334
395688
395928
395958
395988
396275
396570
396600
396848
396870
396889
397252
397260
398106
398136
398791
399066
399095
399402
399696
399927
399935
400311
400317
400569
400577
400890
401178
401211
401458
401489
401853
401880
402113
403368
403376
403656
403664
403675
404250
404273
404280
404288
404310
404576
404598
404892
405192
405540
405793
406097
406112
406134
406464
406782
407076
407628
407724
408004
408018
408243
408257
408891
409138
409151
409522
409538
410142
410427
411308
412220
412227
412250
412602
413526
413766
413814
414148
414156
414179
414408
414743
415098
415302
415684
415692
416565
416573
417786
417816
419630
419652
419678
419918
420272
420512
420572
420859
421214
421454
421836
422088
422096
422184
422778
423030
423624
423679
423720
423954
423972
424511
424887
424895
425460
426464
426486
427032
427592
427952
427974
428240
428864
428894
429182
429776
430086
430116
430124
430710
430718
431065
431652
431660
431946
432042
432294
432896
432933
433199
433236
433790
433818
433878
434154
434460
434475
434735
434772
435117
435354
435420
435979
436910
437227
437525
437533
437544
437552
438415
438498
439061
439080
439088
439368
439376
439387
439398
439728
439750
439951
440034
440658
440873
440879
441492
441521
441536
441558
441828
442134
442149
442437
442452
442782
442819
443028
443034
443094
443676
443721
443736
444553
445224
445232
445484
445525
445847
445866
446089
446819
447048
447067
447383
447402
447690
447709
448621
449172
449195
449218
449526
449534
449814
449842
449880
450125
450140
450714
450774
450782
451080
451356
451378
451416
451998
452028
452035
452241
452587
452875
453164
453205
453213
453510
453540
453787
453828
454123
454411
454434
455058
455323
455364
455659
455695
456012
456031
456042
456594
456943
456965
457494
457517
457524
457820
458136
458388
458462
459030
459104
459333
459341
459356
459672
459732
459975
460297
460566
460592
460614
460633
460880
460921
461286
461511
461534
461843
462416
463098
463146
463740
464365
464634
464682
464989
465316
465857
465876
466430
466458
467418
467448
468021
468609
468936
469188
469284
469841
469878
470144
470724
470820
471055
471086
471468
471680
471717
472038
472949
473004
473256
473586
475092
475674
475701
476343
476868
476876
477193
477224
477558
477606
477818
479408
480039
480312
480342
480350
480925
480936
480944
481261
481578
481626
482780
483354
483389
483394
484665
484673
484881
484904
485198
485217
485246
485832
485840
485870
486427
486774
487368
487716
488598
488628
489252
489540
489900
490803
491028
491074
491670
491698
491711
492024
492032
492339
492597
492605
492979
492987
493520
493860
493868
494454
494462
494772
495079
495396
495404
495684
495692
496038
496278
496286
496308
496346
496633
496920
496950
497220
497228
497562
497840
498186
498456
498464
498516
498524
498759
498767
498782
499098
499350
499409
499424
499722
500043
500058
500295
500303
500640
500685
500694
500914
500988
501223
501231
501842
501873
502159
502448
502470
502497
502787
502795
503071
503112
503120
503131
503142
503378
503695
504066
504607
504648
504678
504947
504996
505296
505571
505602
506226
506434
506441
506778
507089
507126
507396
507672
507732
507768
508020
508594
508625
508662
508965
509304
509833
510475
510745
510792
510800
510811
511044
511052
511434
512011
512365
512588
512635
512970
513001
513277
513318
513547
513901
514189
514535
514718
514748
514755
514778
515094
515708
515994
516017
516320
516342
516350
516939
517778
518149
518732
518751
518762
518773
519067
519108
519374
519685
519691
520305
520910
521219
521264
521599
521640
522217
522511
523077
523085
523380
523388
523971
524030
524067
524664
524916
524924
525278
525866
526160
526248
526500
526508
527094
527102
527389
527412
527420
528036
528666
528733
528948
528956
529323
529596
529626
530220
530843
530884
531123
531765
531771
531990
532031
532673
532986
533301
533307
533559
533567
533949
534188
534482
534830
535424
535461
535712
535727
535734
535764
536018
536624
536981
537000
537036
537270
537300
537587
537882
537942
538160
538182
538536
538572
538824
539445
539705
539711
540087
540339
540660
540981
541239
541241
541247
541623
541889
542455
542762
543152
544056
544064
544086
544094
544298
544346
544669
544680
544688
544940
544968
544976
545293
545562
545592
545600
545622
545630
545910
546252
546504
546512
546523
546852
547146
547385
547393
547767
548019
548027
548318
548340
548348
548674
548927
549298
549555
549569
550203
550418
550436
551084
551409
551700
551996
552026
552342
552372
552620
552656
552661
553284
553562
553878
553908
554838
554867
555174
555468
555699
555707
556028
556341
556349
556601
556950
556978
556983
557592
557885
558758
559428
559436
560022
560030
560052
560282
560348
560618
560964
560972
561584
561869
561884
562171
562190
562554
562766
563400
563408
563496
564047
564084
564350
564387
564418
564944
564992
565279
565295
565340
565626
565886
565923
566240
566262
566571
566791
567122
567410
567441
567781
568016
568046
568057
568065
568364
568691
568740
568946
569317
569603
569892
569900
570227
570276
570282
570515
570534
570542
570851
571139
571170
572024
572338
572369
572378
572672
572709
572942
572969
573255
573351
573566
573588
573654
573924
574208
574245
574488
574511
574548
575085
575719
576038
576332
576379
576420
576686
577291
577933
578222
578539
578562
578845
578856
578864
580346
580352
580649
580657
581031
581246
581276
581585
581888
581910
581984
582567
582804
582848
582870
582878
583407
583429
584049
584319
584360
584677
585008
586544
586837
587167
587178
587401
587497
588131
588668
588948
588971
588994
589562
589590
589865
590232
590484
590507
590530
590846
591126
591154
591192
591434
591453
591780
592068
592076
592662
592670
592692
592700
592973
593340
593355
593563
593604
593630
594907
595194
595788
596048
596136
596430
596669
596990
597311
597953
597972
597980
598554
598847
599701
599720
599756
600050
600368
600662
601029
601045
601332
601904
601926
602192
602568
602868
603155
603171
603728
603769
604134
604983
604985
604991
605633
606206
606228
607725
607754
608042
608090
608330
608378
608712
608720
608972
609654
609866
610248
610256
610596
611153
611190
611456
612132
612398
612780
613313
613886
613908
613916
614194
614207
614868
614876
616004
616364
616400
616418
616652
617246
617306
617594
617954
618188
618536
618918
619130
619477
620072
620406
620454
620694
620720
621030
621059
621588
622202
622556
623124
624650
624680
625274
625613
625629
625916
626216
626224
626510
626858
627152
627452
627739
627755
628094
628688
628718
629028
629291
629630
629667
629910
629918
630254
630560
630575
630597
630612
630863
630878
630900
631194
631446
631454
631476
632690
632965
633061
633614
633625
633636
633644
633685
633924
633932
633951
634259
634286
634308
635460
635468
635479
635795
636102
637033
637592
637598
638232
638240
638292
638300
638552
638919
639126
639134
639194
639222
639768
639776
639813
639828
639836
640071
640079
640116
640653
641007
641287
641383
641576
641584
641966
642199
642273
642543
643185
643790
643809
644107
644424
644432
644454
644690
644721
645007
645355
645378
646217
646240
646592
646814
646874
647172
647456
647471
647508
647753
648401
648438
648681
648975
649058
649315
649887
649928
649939
650215
650223
650245
650576
650851
651145
651493
651787
652112
652364
652405
652746
653699
653874
653912
653920
654228
654236
654274
654531
654539
654554
655130
655181
655196
655448
655484
655815
656067
656075
656406
656414
656760
657307
657348
657614
657662
658556
659150
659198
659880
660762
660785
660822
661375
661416
661663
661668
661704
661999
662558
663518
663540
663861
663874
664121
664755
664769
665288
665618
665936
666878
666915
667472
667513
667568
667812
667820
668137
668166
668414
668724
668732
668762
669096
669348
669356
670026
670899
671192
671554
671766
671774
671801
672183
672435
673077
673085
673316
674906
675200
675500
675825
676142
676164
676190
676442
676736
676758
677024
677054
677084
677330
677700
677966
678312
678348
679454
680115
680436
680757
680765
681017
681023
681399
681638
681932
681955
682280
682874
683162
683192
683222
683816
684104
684438
684464
684698
684728
685376
685398
685406
686000
686288
687161
687169
687543
687803
688124
688445
688450
688697
688705
689079
689331
689339
689872
689960
689968
690212
690248
690602
690814
691197
691484
691499
691748
691784
692396
692750
693020
693086
693338
693654
693932
694596
694859
695190
695198
695220
695501
695822
696084
696132
696158
696180
696446
696483
696804
697385
697716
697722
698258
699204
699212
699223
699464
699511
699846
700135
700777
701006
701047
701382
701419
701689
701736
702349
702601
702955
703823
703860
704075
704414
704717
704813
705359
705396
705662
705699
705730
706567
706929
707144
707152
707174
707534
707557
707841
708103
708111
708465
708722
708753
709093
709328
709377
709676
710011
710022
710052
710258
710629
710946
711497
711503
711800
712145
712442
712718
713076
713336
713410
713650
713690
714021
714029
714249
714595
714883
715466
715507
715783
715814
716108
716149
716196
716419
717350
717691
717732
717992
717998
718309
718951
719245
719480
719819
720122
720764
721016
721052
721112
721388
721658
721969
722006
722343
722600
722894
723201
723230
723297
723505
723512
723542
724160
724190
725407
725412
725448
725652
725696
725726
726368
726608
726613
726984
727865
728117
728123
728499
728513
728770
729078
729086
729394
729651
729659
730035
730041
730049
731222
731545
731556
731564
731864
732151
732438
732446
732468
732476
732506
732746
733092
733100
733380
733388
733399
733974
733982
734012
734916
735613
735797
735803
735805
736179
736445
736760
736766
737054
737339
737729
737756
737981
738623
738862
738884
738910
739244
739496
739504
739532
740126
740156
740186
740416
740768
740798
741032
741068
741087
741362
741710
742304
742334
742341
742357
742607
742644
742898
743504
743600
743880
744119
744761
744767
745395
745430
745982
746004
746303
747158
747184
747206
747225
747494
747848
748088
748096
748118
748126
748442
748472
748745
749335
749402
749642
750032
750966
750974
751178
751226
751560
751568
751820
751908
751916
752441
752449
753083
753330
753335
753656
753692
754619
754625
755182
755492
755528
755780
755806
756140
756374
756448
756735
757082
757316
757676
757730
757964
758289
758906
759266
759500
759848
760442
761129
761432
761726
761748
761763
762014
762051
762074
762350
762946
762968
763290
763313
763320
763497
764167
764456
764464
764791
765098
765703
766604
766615
766634
766951
767257
767276
767323
768139
768235
768515
768764
769052
769074
769406
769443
769474
769658
770300
770336
770396
770603
770610
770979
771010
771230
771260
771290
771296
771842
772466
772497
772731
772742
772772
773072
773103
773420
773461
774002
774277
774373
774926
774937
774948
774956
774997
775244
775263
775571
775598
775620
775826
775909
776197
776741
776749
776756
777154
777368
777428
777434
777704
778010
778025
778328
778644
778659
778904
778970
779258
779552
779589
779604
779612
780783
781053
781064
781094
781352
781360
781401
781736
781742
781965
782319
782599
782695
782896
782918
782937
783259
783278
783566
783855
785063
785071
785690
785713
785750
786016
786332
786347
786635
786650
786956
787226
787506
787529
787537
787552
787904
787906
788127
788168
788463
789088
789440
789758
790021
790352
790604
790645
790700
790994
791294
791973
792140
792236
792822
792851
792870
793403
794072
794646
794654
795608
796442
796490
796742
797124
797132
797719
798333
798660
799916
800462
800510
800558
800810
801192
801200
801725
802298
802334
803294
803870
803897
804430
804812
805064
805394
806006
806351
806600
806696
806930
806948
807248
807344
807542
807903
808190
808466
808531
808784
808880
809132
810008
810968
811330
811542
811550
812211
812752
813092
813100
813386
813686
813694
814041
814328
814605
814628
814636
814922
814970
815258
815564
815594
816151
816218
816534
816557
817454
817476
818656
819230
819893
820541
821060
821422
821708
822016
822303
822319
822650
823244
823592
824186
824474
824504
824534
824803
824834
825128
825416
825776
825798
826010
826033
826040
826070
826652
826690
826712
826919
826952
827286
827294
827546
827910
827918
828188
828226
828248
828254
828491
828850
828873
828881
829419
829996
830024
830043
830359
830378
830666
830685
831597
832161
832202
832221
832519
832836
832844
833803
834332
834354
834392
834629
834635
834974
835011
835226
835249
835286
835598
835868
835934
835964
836171
836510
836547
836570
837099
837410
838034
838291
838340
838671
838988
839007
839570
839919
839941
840516
840524
840535
840543
840554
840831
841158
841166
842089
842309
842332
842648
842951
843272
843593
843608
843896
844190
844243
845135
845172
845415
845709
846057
846343
846621
846640
846662
846681
846920
846928
846958
846969
847310
847879
847887
848456
848464
848846
849153
849415
849423
849777
850065
850405
850411
850624
850626
850631
850654
850934
851250
851273
851281
851548
851584
851870
852218
853112
853120
853157
854348
854389
854444
854693
854995
855290
855590
855884
855972
855980
856232
856562
857144
857496
857526
857796
858121
858390
858416
858438
858457
859319
859610
860186
860855
860861
861495
861503
862077
862376
862384
862701
862970
863288
863318
863660
863912
863920
864554
864817
864824
864854
865436
865466
866078
866145
866760
867641
867866
867893
867906
868530
868862
869177
869435
869811
869825
869968
870064
870344
870692
871286
871574
871604
872275
872876
873146
873176
873758
873788
873795
873818
874070
874393
874404
874412
874692
874700
875017
875573
875581
875955
875963
876210
876215
876536
876857
876890
877109
877117
877491
877499
877751
878372
878380
878660
879002
879254
879277
879284
879598
879896
879962
880174
880196
880816
881468
881498
881758
882080
882110
882352
882380
882705
882728
882974
883022
883261
883637
883895
883903
884188
884224
884545
885179
885206
885431
885439
886079
886312
886960
887636
887872
887902
888218
888248
888496
888518
888835
889160
889408
889438
889754
889784
890102
890696
891344
891570
891593
891601
892280
892286
892487
892583
892877
893180
893477
893822
894699
894987
895341
895556
895564
895905
895946
895970
896204
896253
896529
897165
897511
897781
897789
898065
898088
898096
898478
898671
899047
899915
900832
900854
901502
901524
902102
902441
902661
903886
904195
904240
904575
904616
904809
905776
906103
906152
906391
906410
906451
907015
907363
907657
907892
907900
908254
908534
908845
909176
909464
909479
909800
910076
910121
910386
910424
910755
910763
910786
911595
912200
912208
912507
912518
912548
912556
913131
913809
914043
914054
914084
914415
914437
914732
915314
915345
915602
915973
916214
916222
916502
916525
916864
916901
917071
917108
917167
917204
917488
917786
917846
918061
918068
918680
918740
919315
919334
919382
919600
919622
919976
920216
920246
920276
920563
920858
920888
921136
921158
921177
921540
921548
922394
922424
923079
923354
923383
923690
923984
924215
924223
924599
924605
924857
924865
925178
925466
925499
925746
925777
926141
926168
926401
927656
927664
927944
927952
927963
928538
928561
928568
928576
928598
928864
928886
929180
929480
929828
930081
930385
930400
930422
930752
931070
931364
931916
932012
932292
932306
932531
932545
933179
933426
933439
933810
933826
934430
934715
935596
936508
936515
936538
936890
937814
938054
938102
938436
938444
938467
938696
939031
939386
939590
939972
939980
940853
940861
942074
942104
943918
943940
943966
944206
944560
944800
944860
945147
945502
945742
946124
946376
946384
946472
947066
947318
947912
947967
948008
948242
948260
948799
949175
949183
949748
950752
950774
951320
951880
952240
952262
952528
953152
953182
953470
954064
954374
954404
954412
954998
955006
955353
955940
955948
956234
956330
956582
957184
957221
957487
957524
958078
958106
958166
958442
958748
958763
959023
959060
959405
959642
959708
960267
961198
961515
961813
961821
961832
961840
962703
962786
963349
963368
963376
963656
963664
963675
963686
964016
964038
964239
964322
964946
965161
965167
965780
965809
965824
965846
966116
966422
966437
966725
966740
967070
967107
967316
967322
967382
967964
968009
968024
968841
969512
969520
969772
969813
970135
970154
970377
971107
971336
971355
971671
971690
971978
971997
972909
973460
973483
973506
973814
973822
974102
974130
974168
974413
974428
975002
975062
975070
975368
975644
975666
975704
976286
976316
976323
976529
976875
977163
977452
977493
977501
977798
977828
978075
978116
978411
978699
978722
979346
979611
979652
979947
979983
980300
980319
980330
980882
981231
981253
981782
981805
981812
982108
982424
982676
982750
983318
983392
983621
983629
983644
983960
984020
984263
984585
984854
984880
984902
984921
985168
985209
985574
985799
985822
986131
986704
987386
987434
988028
988653
988922
988970
989277
989604
990145
990164
990718
990746
991706
991736
992309
992897
993224
993476
993572
994129
994166
994432
995012
995108
995343
995374
995756
995968
996005
996326
997237
997292
997544
997874
999380
999962
999989
1000631
1001156
1001164
1001481
1001512
1001846
1001894
1002106
1003696
1004327
1004600
1004630
1004638
1005213
1005224
1005232
1005549
1005866
1005914
1007068
1007642
1007677
1007682
1008953
1008961
1009169
1009192
1009486
1009505
1009534
1010120
1010128
1010158
1010715
1011062
1011656
1012004
1012886
1012916
1013540
1013828
1014188
1015091
1015316
1015362
1015958
1015986
1015999
1016312
1016320
1016627
1016885
1016893
1017267
1017275
1017808
1018148
1018156
1018742
1018750
1019060
1019367
1019684
1019692
1019972
1019980
1020326
1020566
1020574
1020596
1020634
1020921
1021208
1021238
1021508
1021516
1021850
1022128
1022474
1022744
1022752
1022804
1022812
1023047
1023055
1023070
1023386
1023638
1023697
1023712
1024010
1024331
1024346
1024583
1024591
1024928
1024973
1024982
1025202
1025276
1025511
1025519
1026130
1026161
1026447
1026736
1026758
1026785
1027075
1027083
1027359
1027400
1027408
1027419
1027430
1027666
1027983
1028354
1028895
1028936
1028966
1029235
1029284
1029584
1029859
1029890
1030514
1030722
1030729
1031066
1031377
1031414
1031684
1031960
1032020
1032056
1032308
1032882
1032913
1032950
1033253
1033592
1034121
1034763
1035033
1035080
1035088
1035099
1035332
1035340
1035722
1036299
1036653
1036876
1036923
1037258
1037289
1037565
1037606
1037835
1038189
1038477
1038823
1039006
1039036
1039043
1039066
1039382
1039996
1040282
1040305
1040608
1040630
1040638
1041227
1042066
1042437
1043020
1043039
1043050
1043061
1043355
1043396
1043662
1043973
1043979
1044593
1045198
1045507
1045552
1045887
1045928
1046505
1046799
1047365
1047373
1047668
1047676
1048259
1048318
1048355
